enrollee_id,target
23603,0.668
22499,0.168
10465,0.396
8293,0.132
4246,0.08
29306,0.028
23118,0.216
32832,0.024
13380,0.0
16102,0.796
21761,0.772
26112,0.0
24468,0.052
27200,0.216
14341,0.007
31993,0.332
6811,0.656
8854,0.084
9709,0.092
24656,0.024
8464,0.428
14522,0.828
22739,0.064
15368,0.056
31516,0.274
23444,0.216
19454,0.492
7319,0.864
32762,0.056
28893,0.112
2334,0.06
27287,0.068
6470,0.05
5607,0.88
1652,0.356
32671,0.812
26165,0.748
26033,0.02
21060,0.616
1735,0.092
12103,0.132
1204,0.0
2406,0.012
22521,0.164
32178,0.084
15624,0.32
5883,0.02
23845,0.004
3724,0.0
13252,0.364
22987,0.0
10755,0.488
23310,0.94
4780,0.284
10577,0.66
7756,0.168
17407,0.308
3940,0.024
4775,0.02
29135,0.012
23987,0.264
28624,0.144
24436,0.26
14634,0.164
20127,0.576
21207,0.016
20879,0.064
2879,0.172
20912,0.348
19212,0.36
30182,0.356
11573,0.076
12721,0.208
17161,0.244
8857,0.02
7546,0.068
18702,0.076
11526,0.084
24097,0.008
2477,0.66
14472,0.672
312,0.956
12342,0.58
17790,0.408
766,0.004
12396,0.432
6825,0.052
20581,1.0
30072,0.032
23143,0.088
9627,0.164
18582,0.28
1676,0.032
9357,0.492
27993,0.112
8158,0.084
21086,1.0
10333,0.38
18504,0.696
27533,0.5
4123,0.008
5437,0.032
10448,0.988
17868,0.3
17398,0.092
25573,0.0
21458,0.812
20974,0.336
5912,0.7
709,0.392
3089,0.938
16437,0.008
15321,0.352
15795,0.108
18478,0.172
528,0.396
11315,0.324
22769,0.88
26708,0.068
4402,0.6546666666666666
23152,0.016
10359,0.224
9179,0.852
26693,0.2
14196,0.104
16769,0.0
5447,0.856
6288,0.18
28582,0.032
21600,0.06
15597,0.176
15868,0.232
3981,0.004
4881,0.012
32433,0.036
15798,0.436
31076,0.208
19845,0.036
28628,0.444
9610,0.02
25124,1.0
25278,0.104
12670,0.044
28725,0.028
18514,0.742
2698,0.676
3783,0.016
33075,0.052
18468,0.556
20936,0.046
2341,0.024
22281,0.0
31200,0.276
15424,0.572
31788,0.052
10695,0.496
5452,0.004
32326,0.02
277,0.328
29616,0.718
19536,0.956
14326,0.016
18191,0.24
17629,0.2
7988,0.248
27623,0.596
20845,0.316
19308,0.0
12644,0.316
6708,0.948
1625,0.0
27738,0.24
10942,0.648
15481,0.804
10085,0.772
18835,0.176
15804,0.48
24330,0.468
11812,0.128
12863,0.408
3172,0.0
18080,0.04
27986,0.06
31022,0.716
32728,0.006
13376,0.736
3248,0.04
28858,0.036
14590,0.284
16405,0.536
7919,0.5
29661,0.212
28749,0.004
18329,0.744
9212,0.536
28006,0.1
30804,0.112
15664,0.088
9391,0.584
25836,0.22
14476,0.484
1602,0.452
7604,0.136
28697,0.404
8908,0.648
24469,0.748
32290,0.492
27040,0.024
16080,0.224
25525,0.396
5385,0.07533333333333334
12439,0.016
4922,0.142
12408,0.044
2069,0.012
306,0.332
26113,0.24
8866,0.176
24338,0.768
26881,0.036
4165,0.024
18995,0.164
18459,0.06
10870,0.74
281,0.064
4313,1.0
2310,0.216
31155,0.756
23895,0.904
7572,0.272
11022,0.096
21964,0.0
2479,0.004
8933,0.14
138,0.056
5846,0.0
12469,0.172
2967,0.036
3464,0.424
16177,0.092
11991,0.08
19207,0.172
21543,0.144
5414,0.168
29017,0.344
24758,0.188
18181,0.188
18335,0.332
18223,0.024
18603,0.5
10764,0.124
9226,0.972
13923,0.116
7493,0.028
6800,0.448
30234,0.184
31607,0.0
29896,0.056
19912,0.048
11587,0.328
32852,0.004
7177,0.036
28051,0.76
25877,0.32
11362,0.052
27324,0.012
6042,0.732
4751,0.02
11941,0.02
30832,0.66
18204,0.16
13433,0.092
33144,0.252
8247,0.088
23877,0.156
2590,0.004
14824,0.012
29867,0.052
4533,0.104
5775,0.264
16726,0.136
15415,0.052
10323,0.056
9565,0.074
10501,0.696
8261,0.672
19119,0.0
32195,0.084
7219,0.4
12099,0.128
5987,0.0
23035,0.248
31842,0.388
17819,0.3
2800,0.052
13520,0.244
22951,0.008
20915,0.48
13458,0.024
13547,0.0
11552,0.036
15596,0.072
20950,0.128
29308,0.164
20016,0.0
9446,0.14
7247,0.012
11328,0.44
26313,0.16
9751,0.256
10415,0.0
9576,0.85
32699,0.022
8624,0.016
17585,0.008
29646,0.348
24547,0.428
16147,0.0
1192,0.584
23086,0.256
664,0.044
15026,0.152
9311,0.056
30556,0.268
17965,0.156
23197,0.044
16397,0.04
25796,0.748
27599,0.244
5963,0.0
28747,0.016
18347,0.788
4127,0.012
32476,0.028
18680,0.128
29747,0.368
872,0.208
9427,0.004
17182,0.688
17326,0.692
12200,0.192
21781,0.18
4577,0.792
32769,0.176
2154,0.0
491,0.412
32442,0.0
27997,0.012
29160,0.136
28026,0.324
14721,0.004
33190,0.036
2524,0.676
30172,0.044
11578,0.248
17801,0.828
33274,0.316
28141,0.66
5418,0.736
15504,0.0
13683,0.092
32402,0.084
31168,0.192
17946,0.144
5686,0.128
7342,0.136
2948,0.0
33250,0.5
11771,0.812
32138,0.156
30894,0.412
10768,0.42
26012,0.448
1586,0.112
28314,0.012
6283,0.132
16969,0.008
16837,0.04
15354,0.272
14825,0.06
16220,0.0
3494,0.108
23222,0.156
6075,0.152
1766,0.1
28925,0.0
8452,0.06
13756,0.196
31085,0.072
1297,0.076
4254,0.002
14597,0.06
10504,0.018
26363,0.0
10104,0.236
1265,0.016
20324,1.0
10249,0.14
8097,0.158
27168,0.08
8739,0.016
32192,0.048
666,0.076
24305,0.024
10210,0.016
31875,0.196
27160,0.0
9912,0.004
16442,0.148
17517,0.364
10924,0.056
15796,0.06
20452,0.016
893,0.02
3684,0.016
19484,0.016
258,0.552
27274,0.056
15082,0.062
13763,0.352
31275,0.0
3403,0.02
24337,0.124
1872,0.008
15154,0.672
25343,0.096
22742,0.0
1343,0.068
14386,0.504
11840,0.02
22847,0.172
14389,0.004
7491,0.04
21376,0.916
33231,0.776
30845,0.596
23109,0.0
23525,0.064
24674,1.0
33157,0.736
10840,0.0
8793,0.388
1020,0.144
1417,0.156
28125,0.0
16417,0.02
20462,0.436
28256,0.664
32992,0.096
19219,0.024
24877,0.0
28828,0.048
22052,0.28
20524,0.004
15152,0.472
32742,0.056
22626,0.308
31221,0.666
22319,1.0
22098,0.264
17,0.052
20529,0.432
16534,0.528
14864,0.236
25368,0.208
24262,0.54
23955,0.076
19497,0.036
27359,0.736
8336,0.484
25048,0.636
10190,0.276
8883,0.056
15313,0.032
9589,0.18
18466,0.186
15875,0.164
2127,0.66
13754,0.04
21319,0.884
29846,0.488
29023,0.02
19998,0.14
13773,0.124
22385,0.448
27817,0.916
2055,0.456
16176,0.0
29878,0.192
30328,0.448
1755,0.026
31857,0.692
32953,0.244
30594,0.005333333333333333
8706,0.027
29201,0.032
1139,0.048
7882,0.032
25831,0.184
32128,0.12
7104,0.104
25881,0.584
25123,0.104
18930,0.204
24568,0.012
29220,0.456
9077,0.196
15148,0.152
1389,0.052
32984,0.184
30518,0.492
28357,0.0
9540,0.144
7047,0.796
26299,0.388
26833,0.504
25822,0.272
5602,0.64
22651,0.356
30126,0.072
27356,0.0
10515,0.39
5673,0.132
25239,0.312
23726,0.464
30919,0.048
20414,0.988
22299,0.104
28056,0.06
25969,0.044
5011,0.0
31745,0.032
16615,0.148
26515,0.62
17735,0.936
14960,0.008
30438,0.488
2319,0.004
33150,0.18
7935,0.324
15260,0.068
2903,0.484
1596,0.224
13926,0.908
29485,0.5
182,0.04
10186,0.072
27275,0.104
16304,0.728
18838,0.04
8245,0.012
26826,0.3173333333333333
17813,0.0
33031,0.128
32118,0.044
133,0.052
15437,0.456
7498,0.236
11259,0.932
8045,0.96
24520,0.004
18957,0.12
32492,0.888
4909,0.092
26920,0.1
25086,0.172
11438,0.3333333333333329
26127,0.08
27690,0.012
22304,0.428
29084,0.094
23441,0.792
24084,0.776
19645,0.0
30214,0.348
28750,0.196
6516,0.048
18026,0.004
4792,0.184
10165,0.408
8157,0.192
27539,0.724
2438,0.056
1688,0.552
28444,0.048
32901,0.408
23573,0.096
23697,0.1
10305,0.352
531,0.0
22411,0.692
23069,0.04
502,0.156
12763,0.324
16070,0.012
6005,0.656
26504,0.05
11863,0.004
16066,0.0
28780,0.64
24835,0.088
29385,0.016
4815,0.064
17534,0.056
18506,0.57
22205,0.216
29600,0.516
23083,0.184
12244,0.004
22614,0.876
25434,0.04
22159,0.008
33331,0.496
32967,0.056
6836,0.52
20485,0.544
16762,0.0
25403,0.076
8502,0.28
17231,0.016
20674,0.008
19778,0.288
9712,0.244
21151,0.052
1820,0.32
12403,0.436
33253,0.084
3227,0.276
26135,0.304
26948,0.508
15818,0.116
32538,0.248
19562,0.0
31741,0.0
27723,0.044
23588,0.188
13702,0.124
6915,0.188
7714,0.956
5767,0.884
10673,0.04
5535,0.02
16656,0.172
9676,0.076
2866,0.048
10032,0.048
3599,0.16
6436,0.452
15983,0.468
31713,0.368
5168,0.084
7436,0.256
15572,0.684
13597,0.0
4133,0.02
27850,0.04
14847,0.0
29004,0.004
16549,0.016
24696,0.152
28508,0.94
32954,0.556
26620,0.164
3922,0.036
3093,0.004
26557,0.436
17840,0.04
32045,0.22
8521,0.016
12595,0.012
7607,0.68
3729,0.1
9392,0.1
16740,0.012
22872,0.0
3688,0.116
8557,0.46
8128,0.368
32554,0.588
19089,0.0025714285714285713
5269,0.16
20530,0.168
15919,0.0
15114,0.004
23676,0.02
2202,0.152
30450,0.008
31810,0.068
32443,0.764
26529,0.364
25026,0.308
5707,0.176
5382,0.008
10178,0.776
24448,0.108
5747,0.668
24692,0.132
1889,0.156
8683,0.0
264,0.104
28967,0.968
315,0.404
5148,0.004
13770,0.858
7303,0.112
1477,0.064
22627,0.096
19353,0.192
299,0.0
22810,0.32
19442,0.512
14246,0.444
3002,0.328
30290,0.232
21562,0.0
18231,0.012
13932,0.164
16382,0.184
10496,0.148
7435,0.02
11794,0.016
22285,0.0
26934,0.012
10459,0.816
10929,0.036
10659,0.056
32548,0.296
4239,0.0
16496,0.968
24083,0.248
13076,0.012
26145,0.004
12842,0.068
13636,0.008
7379,0.036
9722,0.06
26540,0.044
4117,0.0
32711,0.592
29391,0.612
16144,0.04
24029,0.66
13938,0.708
27218,0.78
1309,0.684
25912,0.0
18482,1.0
25625,0.028
12066,0.692
1004,0.048
25779,0.192
20355,0.424
2795,0.208
32485,0.02
16185,0.264
211,0.076
24406,0.848
30257,0.364
23205,0.024
19392,0.628
7150,0.012
18987,0.532
21048,0.232
27094,0.008
30761,0.356
3104,0.06
22396,0.784
14990,0.0
28023,0.368
17040,0.028
1987,0.68
31941,0.088
31327,0.04
12013,0.104
17330,0.008
15498,0.144
29365,0.004
5334,0.004
11720,0.096
2514,0.116
5796,0.614
25215,0.956
3869,0.104
18001,0.0
6618,0.112
26048,0.144
26584,0.0
8139,0.028
14851,0.092
28922,0.124
25901,0.526
22475,0.052
19233,0.5
1015,0.718
8838,0.526
7249,0.696
17784,0.54
16882,0.104
20202,0.0
6189,0.312
25245,0.82
9080,0.848
241,0.194
12805,0.312
21837,0.12
23156,0.004
1486,0.128
27518,0.0
21065,0.016
6658,0.672
28990,0.616
15931,0.508
23875,0.46
16795,0.024
27431,0.396
14978,0.256
2636,0.82
19453,0.044
27893,0.636
17696,0.252
19033,0.072
19623,0.028
2857,0.0
2480,0.252
14868,0.124
28374,0.196
12104,0.486
22388,0.192
6670,0.336
33016,0.06
24327,1.0
10512,0.58
8936,0.024
9393,0.46
23028,0.008
28739,0.092
21118,0.124
19906,0.008
31901,0.104
25795,0.096
13973,0.644
10211,0.0
31487,0.008
6812,0.24
6126,0.152
2377,0.14
8682,0.024
14097,0.0
15394,0.248
11337,0.04
29273,0.048
31074,0.444
7892,0.236
13649,0.336
23814,0.36
31740,0.44
11396,0.164
33153,1.0
25878,0.268
24853,0.348
17972,0.128
20030,0.074
20806,0.056
17916,0.16
15370,0.044
6707,0.124
31145,0.012
4010,0.004
24682,0.068
21764,0.564
13474,0.872
23378,0.916
14839,0.62
20895,0.008
33315,0.028
29279,0.024
2836,0.024
17313,0.424
7404,0.24
1908,0.136
5378,0.0
26355,0.232
21045,0.008
6386,0.768
17401,0.824
19789,0.76
638,0.148
2916,0.008
29621,0.14
2255,0.452
919,0.276
4575,0.012
13130,0.0
15252,0.0
11018,0.5
23119,0.004
15715,0.82
2493,0.2
23517,0.0
21736,0.464
25685,0.902
31401,0.036
29161,0.108
14492,0.844
25158,0.5
11262,0.012
22365,0.208
16114,0.016
776,1.0
11068,0.764
9166,0.02
31062,0.644
8082,0.056
11591,0.248
24634,0.0
25392,0.708
16951,0.0
30732,0.004
10627,0.024
7044,0.016
6669,0.002
25695,0.192
7264,0.006
24935,0.0
25626,0.104
23206,0.0
9748,0.056
28239,0.18
20704,0.806
32772,0.356
8295,0.268
32872,0.476
31021,0.388
26820,0.588
3206,0.028
9054,0.526
30349,0.5
30074,0.136
21443,0.184
4096,0.088
21093,0.352
29721,0.404
29420,0.18
7273,0.072
28245,0.010666666666666666
11870,0.516
5582,0.18
18667,0.57
512,0.0
29029,0.08
26203,0.52
1501,0.47
2722,0.288
32581,0.608
15940,0.052
18284,0.008
30017,0.472
15377,0.1
4887,0.026
3133,0.172
5554,0.144
29569,0.032
6700,0.072
26593,1.0
19448,0.072
31619,0.456
18058,0.464
2760,0.832
28789,0.104
2928,0.008
2459,0.22
4490,0.104
31665,0.036
11424,0.0
21375,0.836
20374,0.556
20599,0.928
17781,0.144
8581,0.528
12145,0.028
20664,0.054
26394,0.712
790,0.8266666666666668
4191,0.064
23531,0.52
32307,0.252
21183,0.0
7955,0.356
7517,0.052
13343,0.36
8301,0.732
10018,0.008
17002,0.316
19084,0.0
14862,0.032
22131,0.588
23971,0.368
24356,0.614
31172,0.384
27017,0.224
2774,0.48
24035,0.052
4131,0.16
24750,0.064
17799,0.02
7941,0.312
17734,0.88
841,0.516
1819,0.756
7579,0.0
22128,0.0
5314,0.716
8986,0.096
12509,0.004
29967,0.02
3273,0.836
3367,0.368
27494,0.024
10594,0.004
26306,0.0
12269,0.028
16200,0.032
21517,0.04
31342,0.008
8224,0.116
14087,0.024
5791,0.24
27421,0.744
16434,0.124
27594,1.0
18109,0.164
2030,0.008
10741,0.34
3538,0.0
12326,0.176
16008,0.512
20864,0.724
1128,0.268
20395,0.18
11518,0.152
10358,0.764
24183,0.008
17859,0.148
25486,0.356
27782,0.324
13672,0.38
26994,0.016
30776,0.412
32502,0.244
25045,0.132
22540,0.096
17003,0.0
25210,0.072
33249,0.168
31041,0.0
12882,0.592
31241,0.116
25815,0.156
20186,0.688
12543,0.328
16459,0.108
14537,0.496
19366,0.136
8608,0.056
6325,0.224
13134,0.024
22549,0.04
29680,0.764
23981,0.32
31600,0.5
32239,0.0
26362,0.484
15197,0.092
6592,0.004
4986,0.044
14913,0.252
20323,0.416
24883,0.384
28479,0.024
15406,0.04
10386,0.516
4874,0.12
21641,0.156
19526,0.424
19108,0.0
29520,0.536
3644,0.692
5327,0.012
18448,0.024
5798,0.288
14835,0.088
12332,0.692
13265,0.0
23145,0.0
3230,0.012
24182,0.096
20926,0.26
31866,0.024
28307,0.044
4858,0.716
33232,0.564
28148,0.08
18328,0.092
1944,0.22
28164,0.684
16173,0.008
24135,0.636
7152,0.204
20353,0.84
12910,0.064
12365,0.036
24329,0.14
17337,0.512
7473,0.216
32434,0.1
4198,0.0
5209,0.324
19395,0.808
3472,0.028
15822,0.398
32988,0.84
1883,0.324
8635,0.004
11052,0.012
32228,0.0
3290,0.456
15669,0.856
6205,0.0
28979,0.888
25520,0.0
24818,0.336
16269,0.024
22877,0.276
6448,0.744
15294,0.744
7422,0.58
11987,0.0
29875,0.0
15916,0.024
16543,0.056
7423,0.232
23248,0.764
32169,0.136
1961,0.944
11116,0.04
23470,0.316
16590,0.876
4580,0.696
19079,0.188
9820,0.244
27263,0.016
10897,0.0
15985,0.0
5317,0.06
19633,0.916
11092,0.036
111,0.04
18452,0.156
19689,1.0
29232,0.0
27114,0.336
10694,0.588
16348,0.108
11281,0.04
4892,0.668
27301,0.912
17942,0.184
15528,0.188
21624,0.236
12959,0.924
22078,0.604
19700,0.006
15764,0.332
10511,0.504
18365,0.012
1655,0.0
20638,0.084
27616,0.26
13769,0.44
24832,0.5
23718,0.84
17077,0.144
9736,0.136
12118,0.224
22869,0.02
24967,0.528
3495,0.772
28412,0.392
15463,0.408
30890,0.0
22079,0.2
32390,0.396
24552,0.104
3360,0.02
6060,0.024
21954,0.48
29839,0.568
26762,0.006
14939,0.016
19436,0.244
15017,0.432
18094,0.844
9693,0.004
20336,0.024
28805,0.0
27005,0.416
16211,0.048
31138,0.264
8236,0.192
20859,0.008
31897,0.38
9331,0.304
10003,0.228
15257,0.112
20252,0.208
26187,0.668
15509,0.092
30553,0.012
22976,0.024
28168,0.092
27331,0.296
28435,0.312
11127,0.0
24473,0.0
6604,0.024
1430,0.416
31422,0.088
17754,0.572
18600,0.932
14812,0.168
8486,0.16
17468,0.208
28502,0.048
27929,0.024
27055,0.34
7839,0.0
2407,0.02
29633,0.24
23134,0.06
14043,0.3
7252,0.004
26933,0.004
15016,0.124
5248,0.92
8027,0.244
8611,0.432
2848,0.0
23357,0.1
13661,0.116
11815,0.0
29036,0.004
13394,0.064
18939,0.046
13378,0.362
1056,0.02
28209,0.0
23590,0.06
15753,0.564
10314,0.5
6608,0.51
16237,0.08
21320,1.0
15721,0.012
1427,1.0
31077,0.732
14484,1.0
21872,0.0
22818,0.152
10727,0.328
18998,0.048
25613,0.0
14544,0.032
27129,0.352
23384,0.672
26294,0.144
5732,0.048
5177,0.012
11749,0.14
25793,0.008
14142,0.024
4576,0.356
5154,0.132
26293,0.16
15239,0.6
23545,0.0
7054,0.134
28407,0.524
25182,0.7
7049,0.38
22134,0.484
17289,0.02
1077,0.08799999999999995
20868,0.004
23625,0.092
27038,0.624
19905,0.0
1867,0.0
6211,0.404
13886,0.128
33169,0.072
2096,0.06
18386,0.992
6266,0.0
9730,0.006
22307,0.804
26131,0.008
25563,0.38
30854,0.216
28884,0.124
16182,0.0
2828,0.092
10061,0.276
18172,0.32
10453,0.396
13488,0.112
1569,0.706
22084,0.076
30991,1.0
26217,0.06
24288,0.762
5306,0.052
8354,0.368
21029,0.0
27299,0.808
23583,0.0
2260,0.024
4947,0.568
10402,1.0
10441,0.688
26737,0.004
9949,0.506
18923,0.404
23512,0.0
26201,0.004
25597,0.156
13459,0.832
5200,0.46
21020,0.188
13469,0.008
13978,0.228
3503,0.064
9935,0.344
20403,0.0
24689,0.018
3265,0.24
18826,0.01
15866,0.044
25630,0.016
32031,0.092
7110,0.012
12034,0.076
19584,0.0
22973,0.068
20613,0.012
18318,0.654
25174,0.04
5726,0.252
189,0.112
8984,0.004
1559,0.0
15889,0.084
32109,0.038
27238,0.424
9823,0.184
14427,0.772
15004,0.024
17858,0.176
23237,0.34
12815,0.14
30250,0.06
13129,0.148
6723,0.068
30422,0.548
21153,0.0
21933,0.096
32610,0.008
13035,0.028
25921,0.056
10187,0.004
4706,0.48
24863,0.42
31334,0.004
12315,0.292
16163,0.0
6094,0.736
14311,0.216
18474,1.0
11202,0.016
2486,0.084
27733,0.016
3632,0.08
32035,0.428
11073,0.108
23289,0.012
12402,0.512
22559,0.712
6192,0.196
19472,0.024
30813,0.0
8114,0.216
32655,0.872
24195,0.216
24091,0.204
19515,0.336
17777,0.0
32024,0.124
28315,0.608
700,0.108
24278,0.78
6293,0.04
32651,0.436
2855,0.16
10310,0.104
31529,0.036
33130,0.284
21104,0.0
20941,0.5
12791,0.264
25068,0.7
32003,0.336
13720,0.004
15957,0.0
31746,0.684
1783,0.524
15199,0.116
9856,0.164
6131,0.276
22389,0.388
6758,0.004
28459,0.196
16146,0.212
7354,0.0
3779,0.052
6790,0.56
27681,0.004
16350,0.048
23922,0.028
31068,0.78
22444,0.148
32391,0.728
21478,0.376
9411,0.268
19665,0.732
9439,0.224
2697,0.156
9181,0.4
31454,0.004
7317,0.108
19364,0.18
31595,0.0
24399,0.148
28992,0.056
27790,0.292
30545,0.032
3601,0.12
975,0.016
31263,0.036
19470,0.024
14682,0.012
27730,0.324
21256,0.94
26677,0.616
13646,0.944
25391,0.292
9187,0.42
9538,0.084
15491,0.228
31309,0.108
6194,0.028
28651,0.02
27178,0.06
31315,0.0
16806,0.224
17112,0.008
22455,0.1
11354,0.004
30623,0.912
29899,0.1
13483,0.524
16857,0.072
22220,0.604
30396,0.296
23975,0.036
16599,0.0
11323,0.236
2160,0.372
11238,0.828
23822,0.412
29481,0.236
17776,0.204
8393,0.0
21476,0.376
12354,0.392
9169,0.348
32168,0.008
10596,0.072
18520,0.292
20486,0.06
9485,0.084
9414,0.152
23099,0.108
31090,0.748
1029,0.04
17220,0.616
12186,0.1
14570,0.604
10664,0.284
1972,0.932
1881,0.88
983,0.408
31913,0.032
25722,0.0
33104,0.112
18371,0.404
17103,0.668
30309,0.22
31980,0.008
24801,0.072
4565,0.016
26854,0.1
7832,0.204
16939,0.8
23909,0.024
14738,0.168
9958,0.12
29324,0.4
29760,0.052
21847,0.412
4845,0.32
28203,0.12
31599,0.064
13169,0.172
17639,0.054
18974,0.092
30589,0.054
24865,0.808
13992,0.028
5245,0.356
21274,0.932
4326,0.306
12743,0.22
1722,0.14
5647,0.4
564,0.38
2786,0.012
6849,0.184
30680,0.02
15602,0.0
2999,0.188
23714,0.06
2032,0.656
20850,0.424
18257,0.48
15217,0.104
20379,0.336
17371,0.108
19914,0.0
25167,0.72
24411,0.308
25789,0.0
28052,0.176
1919,0.536
27177,0.168
6961,0.052
25600,0.004
19235,0.584
1251,0.356
18821,0.008
31479,0.068
21098,0.588
20182,0.036
27194,0.1
19085,0.032
20787,0.164
25103,0.038
14885,0.312
19563,0.268
20077,0.492
27619,0.152
1894,0.006
13611,0.032
4009,0.184
9503,0.045
19126,0.016
17060,0.004
22483,0.0
26442,0.372
26214,0.216
1339,0.16
3477,0.8
5363,0.176
28974,0.172
27462,0.756
15612,0.604
14486,0.312
5656,0.044
14163,0.004
23837,0.036
7366,0.136
933,0.24
30560,0.424
6498,0.806
8469,0.868
19503,0.572
4168,0.228
15034,0.0
30798,0.304
16189,0.228
13915,0.036
6164,0.016
21221,0.03
20952,0.736
6327,0.0
32372,0.072
4476,0.556
2969,0.028
18294,0.516
347,1.0
31427,0.184
9006,0.724
28512,0.056
3642,0.308
14604,0.552
13160,0.004
8745,0.44
14242,0.652
32509,0.0
22920,0.884
30997,0.012
3170,0.05
289,0.588
27221,0.012
28837,0.028
18625,0.0
11477,0.948
32820,0.452
11223,0.288
12247,0.08
16267,0.116
8251,0.974
19590,0.34
27947,0.184
12393,0.004
12179,0.228
16634,0.104
23892,0.252
27243,0.836
24828,0.648
23321,0.84
15687,0.048
6774,0.036
29080,0.54
18199,0.008
24153,0.112
9767,0.028
26413,0.096
2587,0.26
8150,0.028
27750,0.0
12031,0.38
22473,0.916
15220,0.0
13105,0.3333333333333329
10839,0.28
17465,0.168
25195,0.476
18212,0.856
15418,0.028
26818,0.0
2027,0.796
5164,0.08
14212,0.38
13195,0.504
11038,0.376
32494,0.236
8535,0.752
1156,0.188
21542,0.0
16792,0.328
25433,0.308
12778,0.36
11242,0.02
13429,0.208
7972,0.004
993,0.048
31645,0.608
18195,0.136
26262,0.772
4513,0.04
23445,0.46
25987,0.072
1856,0.032
3992,0.348
26472,0.1
23278,0.544
30159,0.344
24421,0.052
21884,0.002
17246,0.944
29821,0.164
11268,0.052
32639,0.136
22924,0.528
5357,0.248
21456,0.12
8978,0.024
2787,0.012
28214,0.024
21236,0.54
33092,0.148
23937,0.256
11997,0.256
10136,0.008
3348,0.024
14744,0.024
16383,0.332
12808,0.0
21198,0.084
3664,0.224
33122,0.042
29224,0.34
9615,0.228
9884,0.06
25736,0.012
23097,0.192
1102,0.12
19056,0.544
29117,0.872
24075,0.176
9765,0.1
15099,1.0
32140,0.0
2009,0.024
29512,0.036
13304,0.092
24422,0.0
8572,0.028
30797,0.52
17831,0.772
21007,0.0
2141,0.6
30870,0.116
13336,0.46
16906,0.808
19805,0.552
1761,0.0
9409,0.456
30920,0.33
14381,0.216
8022,0.976
9326,0.76
14754,0.532
1786,0.0
30338,0.02
31616,0.296
19312,0.87
1438,0.0
31370,0.02
3116,0.804
6172,0.992
307,0.558
19446,0.882
12578,0.048
12995,0.028
5207,0.904
19143,0.696
24379,0.64
25335,0.0
7073,0.536
15036,1.0
4642,0.008
14578,0.188
7660,1.0
22318,0.636
15584,0.072
29679,0.052
32026,0.504
5496,0.566
6245,0.46
19741,0.632
15765,0.152
22878,0.464
23155,0.0
10382,0.152
8221,0.224
16754,0.226
29085,0.606
30022,0.032
26568,1.0
859,0.0
25975,0.0
23584,0.5
2876,0.0
18613,0.34
11233,0.204
31664,0.144
21175,0.072
4438,0.068
9594,0.414
8148,0.0
20654,0.784
5297,0.316
6003,0.0
16864,0.66
7889,0.00857142857142857
32161,0.108
29871,0.44
16493,0.172
28965,0.164
16588,0.68
14739,0.316
2899,0.328
10068,0.0
32287,0.576
6248,0.128
11875,0.252
14407,0.24
9053,0.684
2391,0.12
32217,0.536
23061,0.636
12384,0.032
32683,0.0
21293,0.588
25419,0.004
141,0.044
25501,0.156
28193,0.104
679,0.156
6196,0.06
173,0.0
21804,0.052
12421,0.036
9813,0.472
27079,0.004
8947,0.196
30207,0.4
1801,0.036
3365,0.09
17419,0.524
30256,0.228
24811,0.0
2109,0.168
21401,0.532
4437,0.144
31753,0.648
17381,0.6300000000000001
14117,0.028
24494,0.204
5731,0.356
17354,0.076
14094,0.172
25863,0.736
4612,0.4
6399,0.172
31737,0.152
11716,0.104
24137,0.052
9860,0.02
31500,0.188
15641,0.144
3983,0.04
23251,0.128
31933,0.42
8612,0.148
27982,0.836
23755,0.468
16396,0.416
18724,0.06
13454,0.156
26182,0.28
29054,0.168
8894,0.142
3705,0.052
9277,0.156
8438,0.008
23468,0.268
17936,0.056
2157,0.024
22567,0.54
29489,0.1
26531,0.128
28714,0.104
32080,0.752
12048,0.0
4824,0.448
25154,0.656
12306,0.176
14865,0.14
4510,0.048
20726,0.116
31675,0.596
7855,0.1
21912,0.516
7997,0.864
8677,0.092
4653,0.004
32851,0.0
11825,0.036
32297,0.02
33362,0.052
9192,0.238
27119,0.216
5094,0.0
20264,0.08
7587,0.0
26569,0.632
32051,0.148
4329,0.16
23782,0.024
21831,0.18
20315,0.248
3362,0.208
8414,0.096
18345,0.044
12006,0.444
18027,0.948
23661,0.264
20316,0.516
4124,0.08
16354,0.036
29060,0.006
32706,0.068
24487,0.5
11368,0.056
20518,0.972
30858,0.104
10901,0.132
23327,0.268
8479,0.004
17969,0.28
2186,0.02
17196,0.032
15631,0.076
8981,0.036
15048,0.052
30142,0.072
19409,0.364
18840,0.704
1292,0.5
21405,1.0
10467,0.012
26773,0.252
30106,0.0
28229,0.268
18725,0.268
27459,0.008
12028,0.0
21305,1.0
20417,0.112
1047,0.164
3878,0.4
18176,0.348
10660,0.436
962,0.772
24627,0.596
843,0.4
2806,0.092
19733,0.352
10036,0.668
8238,0.376
18086,0.132
9678,0.484
5691,0.594
13247,0.74
5360,0.004
12634,0.236
28723,0.0
30042,0.316
32302,0.264
25285,0.372
19231,0.268
14549,0.264
4877,0.084
6879,0.964
32803,0.192
33076,0.696
6143,0.04
11445,0.032
16478,0.244
7867,0.936
26348,0.06
24718,0.48
6807,0.0
23546,0.952
13759,0.028
11969,0.204
8770,0.424
8631,0.104
7301,0.084
10001,0.06
16368,0.232
14306,0.0
15642,0.02
20711,0.568
13916,0.004
17588,0.108
24206,0.004
12993,0.084
29094,0.0
11302,0.0
31636,0.0
20022,0.552
30472,0.852
19101,0.008
13138,0.0
33015,0.172
23480,0.004
27767,0.198
28520,0.216
9440,0.112
8630,0.344
31002,0.412
14185,0.168
20732,0.36
10960,0.16
2526,0.036
19959,1.0
17663,0.124
17123,0.088
2593,0.052
1061,0.096
32888,0.604
26169,0.514
18784,0.404
7569,0.304
3813,0.284
12487,0.104
30881,0.204
7261,0.48
13444,0.064
28519,0.008
9158,0.544
26404,0.604
16131,0.0
225,0.0
7767,0.968
22543,0.008
6072,0.528
33017,0.052
24307,0.984
29280,0.628
2235,0.076
12652,0.264
15069,0.024
21347,1.0
19091,0.0
14875,0.0
20708,0.064
18390,0.628
6502,0.176
20493,0.06
32809,0.96
9221,0.016
26464,0.484
20603,0.168
9539,0.0
14706,0.416
19534,0.184
23158,0.056
25781,0.068
15779,0.192
11961,0.136
24542,0.088
15848,0.884
11098,0.082
29472,0.064
25470,0.544
25388,0.48
31034,0.12
15610,0.32
2719,0.056
14475,0.008
20766,0.488
5827,0.704
24435,0.044
13149,0.02
3936,0.9
2114,0.04
11612,0.0
16640,0.032
3102,0.424
16069,0.776
32496,0.996
2639,0.132
29037,0.0
31703,0.088
31151,0.056
9529,0.004
3393,0.056
33041,0.344
7502,0.236
30077,0.204
31983,0.044
4557,0.196
23182,0.256
7989,1.0
25489,0.0
28153,0.028
7331,0.328
25760,0.038
32863,0.288
12230,0.208
19432,0.352
15175,0.0
25382,0.56
12271,0.152
29957,0.052
2081,0.12
20568,0.344
10063,0.164
18113,0.16
3837,0.016
31008,0.104
7665,0.22
25460,0.048
28467,0.084
23812,0.252
1217,0.26
6533,0.972
21192,0.352
15964,0.42
32310,0.0
30068,0.66
21676,0.1
22054,0.0
16513,0.524
9675,0.856
24541,0.516
8176,0.42
6819,0.784
22162,0.052
12597,0.172
7966,0.57
19464,0.22
17976,0.252
11399,0.136
29728,0.204
6840,0.2
20739,0.006
7723,0.328
3550,0.196
13880,0.36
20744,0.58
10821,0.02
26167,0.23
16324,0.524
20998,0.136
32069,0.024
5253,0.676
26125,0.332
19658,0.004
16494,0.012
28944,0.852
22236,0.308
3989,0.16
21412,0.184
26761,0.008
26955,0.016
11508,0.84
1592,0.0
12125,0.108
12864,0.0
19488,0.124
24374,0.988
5231,0.016
21369,0.032
6995,0.064
5420,0.604
18229,0.092
26898,0.16
4447,0.874
32814,0.054
29448,0.044
6111,0.408
21222,0.468
13493,0.264
15249,0.612
14437,0.844
17331,0.112
1264,0.0
31143,0.66
13537,0.164
17645,0.2
25916,0.1
11780,0.072
17536,0.0
17402,0.44
26759,0.276
23914,0.016
8763,0.052
12713,0.2
19050,0.484
15679,0.0
12433,0.252
17500,0.0
1782,0.0
33152,0.492
12591,0.012
14666,0.576
17805,0.084
1261,0.144
17278,0.068
17691,0.028
10450,0.864
24151,0.28
23146,0.0
19495,0.216
18605,0.828
30561,0.664
26170,0.916
7682,0.2
845,0.0
2279,0.868
74,0.06
7113,0.048
7637,0.244
28633,0.644
29249,0.544
32678,0.408
2700,0.636
17738,0.404
13545,0.0
22960,0.012
154,0.224
7671,0.54
7337,0.352
10635,0.176
18447,0.02
31480,0.28
29051,0.136
8673,0.124
31949,0.192
24546,0.008
2842,0.088
9249,0.0
440,0.434
5577,0.976
16451,0.256
17341,0.028
17159,0.488
22386,0.736
18410,0.508
26134,0.204
24714,0.836
14314,0.6666666666666659
25386,0.336
22249,0.728
397,0.168
15520,0.632
29980,0.68
5761,0.0
14270,0.008
24798,0.5
29227,0.408
4468,0.0
14102,0.104
32998,0.18
29244,0.0
24796,0.0
444,0.0
17156,0.072
12188,0.1
27104,0.184
13479,0.976
2389,0.04
30494,0.856
27488,0.864
32517,0.144
28546,0.148
26274,0.004
28045,0.908
7629,0.152
27485,0.02
24348,0.264
32054,0.884
25593,0.0
20911,0.848
7692,0.662
18173,0.18
18980,0.0
8680,0.076
23871,0.434
16793,0.032
25521,0.452
11879,0.2
7336,0.06
20729,0.068
3310,0.0026666666666666666
12849,0.208
4831,0.14
21791,0.024
28843,0.028
21288,0.484
14040,0.008
16335,0.076
28685,0.02
20225,0.296
27316,0.0
4207,0.188
2868,0.432
9532,0.116
13025,0.296
28615,0.112
28296,0.408
6236,0.508
7681,0.192
20294,0.096
8119,0.796
10224,0.108
27377,0.48
28266,0.608
11462,0.254
25911,0.048
7515,0.08
31725,0.104
10784,0.7413333333333335
4784,0.044
24011,0.044
14084,0.216
14391,0.072
13625,0.516
24009,0.54
18376,0.064
19373,0.028
8131,0.084
19691,0.14
24229,0.048
21446,0.88
14999,0.004
26079,0.024
26976,0.0
28791,0.072
11010,0.152
23264,0.068
27277,0.664
10851,0.912
15238,0.024
26607,0.392
18577,0.316
23905,0.612
28382,0.052
23391,0.308
31964,0.004
27825,0.402
31366,0.072
9315,0.896
20060,0.716
24127,0.02
19854,0.076
10538,0.476
26160,0.464
14759,0.164
15119,0.084
30558,0.44
22667,0.008
18501,0.136
24946,0.24
23967,0.212
32884,0.624
12281,0.328
11709,0.128
16682,0.192
12231,0.004
31642,0.644
24291,0.072
23615,0.16
32032,0.0
2619,0.0
18852,0.112
30562,0.0
15736,0.004
31346,0.348
30335,0.912
30303,0.092
14761,0.664
11556,0.032
10154,0.404
7971,0.0
18646,0.308
23516,0.408
554,0.14
28804,1.0
16800,0.516
15209,0.008
16609,0.016
12918,0.06
840,0.0
15193,0.772
8507,0.092
1446,0.132
5704,0.724
12622,0.428
25441,0.328
13799,0.096
11954,0.16
25875,0.698
18045,0.216
15319,0.146
12376,0.388
5398,0.514
29363,0.312
33213,0.0
19582,0.956
16901,0.0
2988,0.232
18984,0.49
2145,0.096
9851,0.144
26551,0.32
6719,0.004
3913,0.402
26721,0.988
26988,0.036
8592,0.16
10798,0.416
28413,0.368
8449,0.028
4283,0.0
1562,0.804
7684,0.344
29197,0.036
29714,0.0
7427,0.112
5824,0.236
5749,0.896
22355,0.008
29466,0.004
25363,0.09
12556,0.272
5583,0.0
8379,0.0
30052,0.46
7217,0.224
9099,0.896
23369,0.068
6802,0.252
26185,0.24
5688,0.24
22800,0.016
5198,0.912
12111,0.208
21137,0.016
31461,0.616
18744,0.748
22908,0.008
23497,0.436
8605,0.5
30995,0.86
28034,0.024
18861,0.024
30211,0.572
5340,0.02
17235,0.516
22157,0.96
13487,0.028
25487,0.652
27280,0.0
21997,0.056
26880,0.056
25611,0.68
28705,0.16
23141,0.664
13512,0.284
23429,0.192
22378,0.124
23708,0.44
8254,0.1
15042,0.688
22538,0.0
27926,0.248
7746,1.0
5216,1.0
1859,0.06
22926,0.0
13618,0.604
29594,0.016
4162,0.264
32324,0.0
31117,0.212
27397,0.312
32425,0.092
21215,0.008
14400,0.364
13237,0.136
17448,0.152
32338,0.532
24150,0.78
20212,0.0
5463,0.864
29824,0.412
16262,0.012
6644,0.684
7961,0.124
31075,0.384
2771,0.704
31248,0.46
12458,0.08
24609,0.108
8569,1.0
32148,0.952
29700,0.012
31985,0.092
6145,0.22
31603,0.0
27958,0.1
24500,0.128
9043,0.832
14858,0.412
7413,0.204
13804,0.036
67,0.14
16676,0.092
19456,0.284
11732,0.004
5470,0.12
30989,0.5
30121,0.004
20290,0.256
19913,0.328
29774,0.004
28966,0.356
11595,0.296
8627,0.488
15001,0.0
10257,0.98
23101,0.3
17967,0.0
1619,0.232
25850,0.34
16512,0.286
31920,0.444
23208,0.352
20220,0.12
17511,0.031
21882,0.12
8075,0.368
4327,0.142
31207,0.132
11454,0.024
13281,0.256
6071,0.268
15915,0.018
23696,0.4
27696,0.5
14641,0.096
1990,0.848
20658,0.0
29971,0.216
27480,0.28
24015,0.112
24354,0.324
32784,0.428
8374,0.04
2294,0.088
12899,0.0
24919,0.332
19148,0.096
23422,0.908
15873,0.108
1933,0.054
1730,0.196
15611,0.06
19984,0.472
11555,0.012
22546,1.0
16340,0.072
20494,0.116
2820,0.0
10180,0.0
11988,0.08
29367,0.4
25477,0.028
20207,1.0
28538,0.684
32909,0.912
28817,0.248
10152,0.016
5666,0.072
27732,0.084
7917,0.096
13442,0.108
30186,0.316
7338,0.004
30575,0.308
23447,0.048
18965,0.004
30082,0.152
5278,0.42
26960,0.036
29331,0.008
21452,0.28
8775,0.0
22771,0.236
1555,0.032
33131,0.096
14199,0.128
20153,0.044
13354,0.032
10535,0.016
19592,0.952
31602,0.0
27025,0.0
9183,0.548
14095,0.424
1789,0.82
3935,0.06
16685,0.608
20970,0.08
30616,0.12
8848,0.688
3591,0.852
16887,0.0
17553,0.376
19027,0.004
18144,0.256
7634,0.024
19045,0.1
16608,0.264
11174,0.0
31792,0.02
17998,0.024
4064,0.472
1479,0.536
17964,0.0
21589,0.132
23953,0.284
8435,0.37599999999999995
7574,0.036
14787,0.816
2031,0.144
29672,0.026
6468,0.092
17343,1.0
29777,0.128
6886,0.428
28751,0.668
14335,0.832
15247,0.08
9290,0.452
8285,0.096
12117,0.36
12310,0.96
17560,0.14
14775,0.032
580,0.04
10315,0.0
16735,0.002
25869,0.116
23649,0.032
27212,0.9
7407,0.352
6737,0.112
11548,0.208
11286,0.136
19098,0.072
10306,0.368
29449,0.028
12088,0.276
11822,0.36
2974,0.004
24308,0.824
12925,0.412
1760,0.02
1369,0.18
14213,0.176
781,0.112
83,0.668
348,0.14
28627,0.012
3785,0.832
25733,0.164
5716,0.0
27742,0.048
33161,0.0
2914,0.152
14793,0.028
10020,0.452
28634,0.988
11920,0.396
31986,0.36
29497,0.0
17615,0.0
30950,0.3333333333333329
32688,0.168
25913,0.34
12090,0.004
14425,0.738
16907,0.24
20958,1.0
1066,0.296
4977,1.0
27313,0.192
767,0.276
32523,0.004
33176,0.316
23394,0.248
25742,0.0
1756,0.132
3638,0.136
30984,0.044
1774,0.368
23940,0.0
13540,0.16
27758,0.46
13038,0.0
5128,0.72
22663,0.676
32121,0.0
32317,0.164
18829,0.212
7735,0.072
14655,0.0
15516,0.024
21990,0.392
10786,0.056
6234,0.092
30853,0.0
32135,0.008
3223,0.436
32826,0.096
28430,0.1
31482,0.834
11919,0.228
3178,0.0
1913,0.796
16404,0.192
17036,0.232
15142,1.0
13844,0.136
8719,0.004
25458,0.172
19270,0.136
5814,0.852
16645,0.256
28613,0.024
5502,0.024
23411,0.232
8893,0.8
5617,0.628
16544,0.348
28433,0.104
87,0.168
8441,0.01
24953,0.216
26824,0.016
5473,0.168
31847,0.0
23672,0.888
28788,0.128
13612,0.812
7551,0.0
24616,0.04
13158,0.276
19178,0.42
6872,0.368
12263,0.076
14882,0.096
4981,0.252
7288,0.172
21566,0.784
497,0.256
22701,0.916
2780,0.076
20076,0.924
21573,0.448
16749,0.216
31844,0.048
13566,0.088
10541,0.828
13577,0.664
21145,0.0
2843,0.42
7039,0.02
22322,0.016
27874,0.232
19601,0.392
13778,0.156
29521,0.008
13,0.04
27320,0.008
15490,0.078
19062,0.1
26330,0.4
52,0.428
751,0.984
618,0.892
17431,0.272
15632,0.936
23506,0.788
12673,0.072
9007,0.216
24255,0.092
6750,0.012
18508,0.332
14114,0.576
30366,0.72
8892,0.048
22109,0.384
22344,0.768
16796,0.024
4724,0.072
32246,0.22
6826,0.948
28198,0.284
30010,0.068
5876,0.872
23641,0.0
23062,0.5
8297,0.116
26253,0.204
2254,0.1
8753,0.068
12726,0.416
26959,0.324
23075,0.0
23129,0.128
14760,0.116
7916,0.132
14330,0.348
7168,0.244
24829,0.132
23307,0.504
24964,0.252
26326,0.076
19266,0.152
15567,0.068
26360,0.032
827,0.46
26810,0.356
9634,0.072
13366,0.096
6466,0.0
252,0.016
17753,0.704
10220,0.048
10852,0.432
28756,0.194
15077,0.204
16217,0.02
28011,0.0
30599,0.496
16292,0.624
28550,0.372
25780,0.412
15125,0.156
17266,0.004
16794,0.002
33223,0.582
16643,0.024
21474,0.28
4813,0.282
27261,0.628
15690,0.06
6683,0.496
2286,1.0
20797,0.008
8436,0.176
17649,0.0
23324,0.128
27259,1.0
27315,0.032
25156,0.132
3745,0.0
21574,0.016
1359,0.296
163,0.408
990,0.576
27936,0.024
32575,0.112
30850,0.02
1917,0.104
11184,0.984
31814,0.488
21313,0.028
3856,0.034
5161,0.228
20277,0.764
8177,0.004
30976,0.368
5356,0.284
3269,0.036
27309,0.204
27231,0.108
12911,0.048
24646,0.24
1800,0.212
18678,0.18
1830,0.352
18858,0.212
30105,0.056
21858,0.468
12183,0.376
24287,0.628
22923,0.404
10521,0.016
9261,0.592
5995,0.012
10679,0.766
30125,0.384
12357,0.184
23995,0.0
6370,0.392
452,0.0
5068,0.0
25693,0.044
22301,0.328
30841,0.444
30230,0.0
14517,0.008
32654,0.052
12129,0.016
23372,0.184
25846,0.088
12132,0.0
13384,0.02
32739,0.846
28378,0.416
6392,0.152
19198,0.612
27137,0.36
23827,0.472
18279,0.544
8051,0.224
20993,0.03
26049,0.732
16040,0.512
31825,0.444
28261,0.068
16201,0.02
1723,0.32
10643,0.0
8018,0.5
14842,0.6573333333333335
28903,0.052
18243,0.04
31390,0.002
15035,0.124
29319,0.756
19771,0.42
6481,0.132
7058,0.008
4659,0.304
18892,0.144
31562,0.048
31470,0.14
13342,0.42
20411,0.74
18307,0.112
15948,0.2
6029,0.368
17843,0.08
28578,0.092
14712,0.08
17044,0.004
9125,0.008
26041,0.0
17320,0.364
6277,0.196
16716,0.14
1823,0.884
21880,0.008
20905,0.448
4395,0.068
32028,0.0
33348,0.532
11723,0.112
26803,0.016
17677,0.044
11636,0.312
19740,0.172
5570,0.672
3080,0.128
12486,0.292
25150,0.188
5558,0.1
9571,0.46
25531,0.0
27867,0.0
16062,0.26
240,0.056
23095,0.312
30615,0.172
8914,0.34
23807,0.296
3431,0.11
17529,0.356
8344,0.5
981,0.036
4196,0.292
14107,0.048
15743,0.008
32779,0.164
25288,0.976
29387,0.0
19824,0.256
6960,0.0
22370,0.356
16786,0.868
10622,0.312
30060,0.296
28361,0.074
32305,0.364
9347,0.416
16692,0.028
9222,0.044
28120,0.148
3490,0.66
7743,0.092
10744,0.332
9128,0.384
17304,0.172
33209,0.524
11783,0.664
14383,0.028
1225,0.088
13631,0.228
33301,0.14
2554,0.0
27618,0.008
19396,0.096
28128,0.216
17185,0.148
8714,0.528
30281,0.62
1472,0.004
4104,0.084
15600,0.348
27811,0.004
33180,0.32
33194,0.232
4314,0.304
26906,1.0
24159,0.844
7512,0.076
16030,0.03733333333333333
2959,0.23
32966,0.372
20442,0.028
17380,0.848
25484,0.0
31288,0.64
12272,0.304
30289,0.18
25002,0.044
19193,0.072
29847,0.624
20062,0.036
2198,0.42
198,0.0
265,0.008
22204,0.012
20901,0.212
29487,0.132
9240,0.708
24896,0.347
23124,0.272
14418,0.848
5142,0.0
7437,0.048
1566,0.048
20197,0.848
31865,0.048
28674,0.016
13287,0.092
24763,0.288
23652,0.0
6512,0.192
21472,0.908
8155,0.436
16433,0.204
14317,0.044
11704,0.464
8355,0.044
29035,0.104
23316,0.032
10326,0.324
897,0.092
4608,0.832
8882,0.188
10,0.004
24524,0.16
31195,0.504
29662,0.668
868,0.102
23476,0.0
14556,0.178
13481,0.14
30032,0.0
3581,0.452
18435,0.392
23530,0.724
12559,0.032
28451,0.26
31573,0.108
27380,0.08
10557,0.456
15976,0.868
13934,0.024
6561,0.0
20325,0.0
16446,0.092
4323,0.036
4936,0.264
764,0.0
33129,0.02
9259,0.096
18480,0.064
18042,0.004
14399,0.196
4241,1.0
29802,0.008
8668,0.072
32965,0.732
914,0.008
5667,0.184
2252,0.248
24019,0.664
16465,0.008
15314,0.7
18641,0.052
23232,0.052
15493,0.772
14359,0.46
21996,0.224
24320,0.656
33170,0.028
2443,0.504
30818,0.108
3714,0.0
26166,0.004
14228,0.0
15912,0.092
3308,0.012
30112,0.824
9743,0.0
26999,0.932
436,0.744
15814,0.168
30695,1.0
23397,0.864
12714,0.104
4650,0.088
9141,0.25
22899,0.152
29666,0.076
2822,0.016
5815,0.0
33245,0.528
29473,0.136
30964,0.252
2989,0.036
20713,0.968
30654,0.374
5618,0.748
22954,0.436
718,0.02
16879,0.032
18092,0.336
19330,0.164
1932,0.0
28038,0.068
13186,0.008
13749,0.6
14897,0.004
10934,0.016
31502,0.058
13190,0.0
6973,0.14
4092,0.06
10347,0.272
26264,0.044
26979,0.024
11305,0.0
24007,0.016
1833,0.288
25187,0.5
16086,0.668
2023,0.916
31290,0.004
2225,0.112
10157,0.076
23166,0.0
19450,0.38
18269,0.036
25270,0.012
345,0.032
1882,0.164
22822,0.0
2584,0.0
20857,0.104
10931,0.068
1364,0.232
9190,0.276
5872,0.072
12495,0.02
4118,0.024
30524,0.036
25631,0.552
16535,0.04
17571,0.048
30628,0.004
27620,0.24
18507,0.08
14959,0.044
17136,0.036
19763,0.912
33022,0.052
4966,0.008
10463,0.228
9123,0.288
10366,0.058
22911,0.89
23993,0.804
12009,0.776
782,0.08
22898,0.088
28227,0.032
10067,0.148
23283,0.152
9081,0.404
11838,0.052
6797,0.004
24129,0.02
13094,0.192
25839,0.004
23351,0.46
18454,0.576
9131,0.024
8099,0.108
25507,0.068
1230,0.0
29509,0.032
2577,0.128
6543,0.244
5881,0.232
18662,0.836
15710,0.0
14134,0.042
4142,0.256
29106,0.026
30480,0.376
20313,0.228
14100,0.016
3531,0.024
11047,0.216
27497,0.208
16022,0.032
21445,0.664
1109,0.298
29361,0.004
844,0.274
22276,0.164
23623,0.024
13166,0.934
20464,0.056
16565,0.048
17416,0.06
19382,0.0
30485,0.096
10270,0.0
14188,0.564
20007,0.004
10738,0.0
169,0.012
5074,0.288
25349,0.0
30882,0.404
5920,0.228
4219,0.004
8667,0.364
31705,0.204
4415,0.788
33057,0.0
6482,0.004
3279,0.904
6445,0.268
19255,0.768
4244,0.02
3174,0.028
4045,0.5
7765,0.108
3905,0.048
25346,0.0
9598,0.306
22988,0.176
21218,0.04
16059,0.108
20559,0.136
26421,0.708
27349,0.612
25856,0.084
16320,0.764
19695,0.032
7205,0.02
12349,0.492
11422,0.124
32462,0.024
30483,0.344
23925,0.008
31255,0.136
30261,0.0
8244,0.236
28389,0.088
17042,0.42
18068,0.036
10274,0.112
15076,0.0
3728,0.04
21131,0.468
25785,0.14285714285714285
21527,0.472
22105,0.292
8764,0.0
28510,0.188
13311,0.924
918,0.176
32298,0.688
30076,0.004
1973,0.364
11352,0.0
5604,0.704
3569,0.36
32647,0.068
24790,0.0
24736,0.764
12985,0.332
19386,0.364
27727,0.456
19147,0.228
22833,0.264
5500,0.052
6408,0.216
9323,0.282
10335,0.04
1740,0.016
13496,0.828
733,0.104
10286,0.264
10731,0.352
27157,0.216
30618,0.792
9992,0.004
16600,0.004
15470,0.248
5692,0.18
4385,0.82
20209,0.332
23266,0.0
1496,0.0
7580,0.032
32477,0.0
20630,0.092
22377,0.0
458,0.134
19953,0.476
32723,0.58
1700,0.788
3258,0.292
4482,0.0
26622,0.86
16815,0.424
8585,0.064
25235,0.476
3759,0.048
28097,0.008
25360,0.1
21115,0.048
4622,0.068
12124,0.058
32737,0.236
21556,0.884
24332,0.004
3867,0.04
24747,0.548
8634,0.04
27546,0.072
27406,0.152
3662,0.0
116,0.088
3924,0.12
8915,0.0
6681,0.068
8967,0.04
11099,0.648
30416,0.004
22252,0.38
18753,0.084
20820,0.024
10094,0.472
30737,0.004
27101,0.94
11069,0.622
8929,0.194
16545,0.06
32714,0.052
31484,0.024
18623,0.568
22787,0.004
30059,1.0
16283,0.856
28769,0.0
33043,0.528
28403,0.028
1759,0.24
2410,0.02
5919,0.04
17138,0.784
14696,0.18
13814,0.404
4070,0.3333333333333329
31729,0.3
20238,0.076
10430,0.136
32986,0.664
7975,0.184
25754,0.232
4442,0.12
5495,0.0
19548,0.156
26060,0.668
12429,0.276
28240,0.016
11326,0.008
33266,0.012
4220,0.0
22321,0.112
2533,0.06
1326,0.008
9167,0.62
14151,0.592
7384,0.5
25428,0.448
17823,0.38
8181,0.5
4930,0.044
22807,0.088
20971,0.872
19354,0.03
17080,0.06
3853,0.164
23071,0.0
30354,0.412
13391,0.28
16625,0.548
15935,0.552
10747,0.009714285714285712
1149,0.632
29716,0.02
15322,0.296
20454,0.524
5530,0.144
20341,0.012
12839,0.408
23613,0.028
3695,0.0
15439,0.296
7736,0.032
14803,0.004
17362,0.768
20052,0.212
25550,0.484
12662,0.032
24785,0.964
32176,0.372
26093,0.1
23499,0.08
20576,0.00857142857142857
10605,0.04
31931,0.096
20501,0.216
18360,0.024
13731,0.036
5721,0.02
3910,0.0
27859,0.016
17774,0.758
18626,0.68
26780,0.48
12823,0.036
30098,0.02
11378,0.66
30711,0.004
12847,0.048
3082,0.008
29089,0.108
2523,0.276
17383,0.776
24220,0.0
8786,0.068
3289,0.304
1671,0.016
26314,0.036
12657,0.024
10008,0.388
31581,0.572
30070,0.0
8006,0.0
31092,0.988
12780,0.764
17510,0.528
1064,0.0
20828,0.004
17351,0.448
27869,0.836
2229,0.184
30527,0.0
27721,0.38
22122,0.264
4400,0.208
31586,0.0
23280,0.116
6424,0.048
17492,0.36
21751,0.104
5034,0.252
23654,0.124
7199,0.292
27138,0.11
607,0.136
21524,0.856
31121,0.66
16064,0.18
2385,0.108
29755,0.156
31350,0.012
23475,0.066
2865,0.0
4996,0.408
23065,0.144
10398,0.0
7995,0.216
19479,0.068
21507,0.192
2549,0.048
21171,0.244
24751,0.148
12902,0.5
23380,0.192
9534,0.021
28969,0.0
7698,0.216
14058,0.04
27081,0.088
26961,0.0
19709,0.256
6156,0.144
19834,0.988
15979,0.632
20131,0.0
22142,0.66
27087,0.036
4419,0.072
27660,0.136
7890,0.804
9847,0.5
20973,0.168
23113,0.18
10549,0.864
11418,0.084
24626,0.0
29997,0.028
23165,0.652
31372,0.136
2461,0.06
6348,0.024
4406,0.0
21928,0.004
27638,0.008
31344,0.0
17723,0.144
26406,0.012
31005,0.092
11944,0.044
28778,0.256
18635,0.124
14164,0.016
23353,0.468
22286,0.344
12922,0.6
17889,0.112
22794,0.46
27378,0.004
5119,0.388
2764,0.068
14299,0.0
31747,0.284
10668,0.08
15349,0.0
23192,0.448
26983,0.0
33195,0.0
5948,0.564
9052,0.256
29258,0.08
11765,0.024
4175,0.064
21,0.344
15318,0.628
27673,0.028
12452,0.256
9278,0.16
13568,0.256
29951,0.372
25473,0.064
30444,0.004
27279,0.044
31592,0.184
25355,0.328
19663,0.348
20548,0.536
20387,0.828
22166,0.016
8950,0.144
26973,0.036
6992,0.0
23151,0.412
24090,0.764
18366,0.916
15173,0.584
23856,0.176
27904,0.104
11480,0.148
5352,0.016
7982,0.16
1222,0.076
8191,0.436
15776,0.104
20036,0.084
3832,0.148
21481,0.524
22016,0.752
30324,0.348
15616,0.004
24263,0.08
6877,0.128
24228,0.324
6495,0.0
19030,0.192
10672,0.584
16473,0.018
14943,0.004
30091,0.0
6097,0.296
19795,0.412
3949,0.088
12267,0.548
16739,0.14
18304,0.416
22071,0.0
8792,0.188
10845,0.356
9969,0.076
26499,0.5
2095,0.132
30954,0.232
2880,0.1
71,0.072
31734,0.55
19579,0.72
21336,0.016
8389,0.099
4237,0.34
10779,0.978
15046,0.0
25945,0.34
23664,0.028
14352,0.088
17739,0.5
17848,0.032
32430,0.014
10051,0.012
14729,0.196
21070,0.36
16316,0.04
26208,0.008
3755,0.452
1564,0.976
1353,0.168
11798,0.492
21921,0.648
336,0.196
26061,0.056
15015,0.02
18510,0.26
14903,0.568
8789,0.22
509,0.0
29121,0.016
23287,0.008
1966,0.01
10586,0.0
6832,0.048
6453,0.636
31811,0.024
29177,0.148
11865,0.016
861,0.04
16229,0.004
29181,0.018
10058,0.004
5328,0.94
30268,0.164
30457,0.516
9859,0.572
7798,0.028
3454,0.084
13950,0.6666666666666659
30990,0.308
11421,0.06
9982,0.092
19615,0.404
17929,0.008
10871,0.154
31261,0.232
28768,0.712
2192,0.208
614,0.116
935,0.172
15655,0.208
4891,0.068
13703,0.09
18548,0.684
19941,0.0
29134,0.076
20749,0.236
24343,0.128
14065,0.508
25049,0.836
19253,0.056
1673,0.352
24745,0.288
1552,0.04
32078,0.044
22495,0.1
6926,0.502
21477,0.116
11186,0.328
20669,0.032
13528,0.44
16279,0.768
284,0.92
6324,0.008
4912,0.352
7833,0.316
5978,0.9
25078,0.716
32209,0.504
31960,0.0
20398,0.068
26147,0.06
11206,0.328
30327,0.212
3112,0.032
7655,0.924
30447,0.596
27922,0.296
25512,0.02
5813,0.16
27205,0.04
25834,0.0
23942,0.06
13504,0.048
11003,0.128
11366,0.424
4570,0.18
12765,0.02
7226,0.02
293,0.042
20158,0.46
17408,0.008
9928,0.0
30411,0.0
32644,0.104
26986,0.236
23443,0.112
11773,0.696
14700,0.528
28196,0.252
14235,0.008
24205,0.532
23173,0.24
29820,0.452
31109,0.536
31125,0.268
21585,0.428
18637,0.032
14453,0.48
33271,0.004
31540,0.492
23496,0.68
19544,0.892
726,0.052
21867,0.596
33293,0.788
30110,0.312
24545,0.772
7151,0.156
24805,0.0
10658,0.844
5054,0.002
2293,0.814
2365,0.032
32781,0.536
31608,0.004
8836,0.128
1808,0.612
27918,0.092
13234,0.42
3416,0.844
13758,0.08
5802,0.0
21938,0.06
9394,0.52
13885,0.019
8179,0.022
31701,0.012
538,0.156
13558,0.056
4701,0.012
31457,0.184
16332,0.1
17328,0.104
12026,0.578
24952,0.044
11689,0.064
27144,0.082
8880,0.38
7886,0.292
12279,0.068
5326,0.072
4017,0.164
